#fitnessChange = 0.0025
#fitnessIncChance = 0.02
#fitnessDecChance = 0.0201
#generations = 500
#parallelSimulations = 10
1.908525642222226286e-05
4.834475003587735602e-05
3.994368541786898045e-05
2.979550579649106382e-05
5.657182989636736349e-05
4.861525810848861041e-05
5.823842826926216981e-05
5.160880406821230580e-05
5.378343499878038758e-05
5.410512485510848862e-05
7.987852809750735741e-05
5.143564684634220727e-05
6.962294737857090208e-05
6.030917553010506019e-05
6.207400189047177668e-05
5.668589619288511071e-05
6.740966820396818171e-05
6.384362673850154258e-05
7.979995311378785801e-05
6.411817268653054657e-05
7.462771829011808787e-05
6.641478942168719049e-05
7.750610200181678262e-05
7.871770392789787668e-05
6.152365752340281787e-05
7.306618486194204655e-05
7.545616766575851894e-05
7.064426564368430576e-05
7.331797454173806885e-05
8.024644077884710068e-05
