#fitnessChange = 0.01
#fitnessIncChance = 0.02
#fitnessDecChance = 0.0201
#generations = 350
#parallelSimulations = 15
2.261346791046909524e-04
2.887043766226049350e-04
3.507494155424223294e-04
3.938298951298612382e-04
4.525290338126089799e-04
4.326148301478038535e-04
4.632999246781238081e-04
4.632101326122395812e-04
4.546640081920882526e-04
4.961505533452553567e-04
4.865983792092184752e-04
4.996232648026836158e-04
4.687873503434544114e-04
5.523336011282679436e-04
5.368175579892169860e-04
5.553206036399560433e-04
5.569464082580370809e-04
5.195726231281288946e-04
5.578786026297603709e-04
5.672876143256839424e-04
5.630483101077621896e-04
5.779678694997156946e-04
5.674416292816105616e-04
5.769998401797982613e-04
5.957150861720639755e-04
5.581472001112080345e-04
5.582867474457748301e-04
6.128278673775356062e-04
5.703101229776705609e-04
6.217855458324901248e-04
