#fitnessChange = 0.005
#fitnessIncChance = 0.02
#fitnessDecChance = 0.0201
#generations = 350
#parallelSimulations = 15
7.675172656048301258e-05
1.142992638690850543e-04
1.101833098280752222e-04
1.056395428346113501e-04
1.250035883645073652e-04
1.565722335505629270e-04
1.575167298480758973e-04
1.518961998048166777e-04
1.613381428256819108e-04
1.657756718877542593e-04
1.895832363033703486e-04
1.593346117001808403e-04
1.522286177808648963e-04
1.556277600989607209e-04
1.710467842346923516e-04
1.808729817559390489e-04
1.569452319195105015e-04
1.764263857618440529e-04
1.741571022523124180e-04
1.949855452369061114e-04
1.660705021772279296e-04
1.957092373656286913e-04
1.835542362541724192e-04
1.969407444773996988e-04
1.887554143810814549e-04
2.147700629779343963e-04
1.905022711639094959e-04
1.841478404579620256e-04
1.765021752291179031e-04
1.862737205551995019e-04
