#fitnessChange = 0.001
#fitnessIncChance = 0.02
#fitnessDecChance = 0.0201
#generations = 500
#parallelSimulations = 10
5.443413075418562543e-06
-3.570720160135529552e-09
6.614141727855965945e-06
3.015665976786798758e-06
7.394398241171401945e-06
9.948898369787244342e-06
8.813612636075784335e-06
1.351887228190166233e-05
1.220103562668565539e-05
1.618118458577120112e-05
1.270531283386076970e-05
1.142210600075040516e-05
1.187341894741683584e-05
1.176322229413152142e-05
1.301142521055453916e-05
1.192308709692759004e-05
6.436977314755672850e-06
1.405087738672489285e-05
1.495296239837021523e-05
1.475064253928127688e-05
1.454435518947205909e-05
1.422757549061309661e-05
1.270454629701476357e-05
1.575708058923817558e-05
1.410633378840365027e-05
1.183060300534135731e-05
1.572845051296441679e-05
1.304520654474104210e-05
1.742287655030824581e-05
1.212477176790842686e-05
